						    Ð À Á Î Ò À   Ñ   Ã Ð À Ô À Ì È




				     Ì À Ò Ð È Ö À   Ñ Ì Å Æ Í Î Ñ Ò È   Ï Î   È Ñ Õ Î Ä Í Û Ì   Ä À Í Í Û Ì :

0 0 0 0 0 0 0 0 0 0 0 0 0 0 0 0 0 0 0 0 0 0 0 9 0 
0 0 0 0 0 0 0 0 0 5 0 0 0 0 0 0 0 0 0 0 0 0 0 6 0 
0 0 0 0 0 0 0 0 0 0 0 0 0 0 18 0 0 0 0 0 0 0 0 0 0 
0 0 0 0 0 10 8 0 0 0 0 0 0 0 0 0 0 0 0 0 0 0 8 0 6 
0 0 0 0 0 0 0 0 0 0 0 0 0 0 0 0 0 0 0 0 0 0 0 8 0 
0 0 0 10 0 0 0 0 0 0 0 0 0 0 0 0 0 0 0 0 0 0 10 0 0 
0 0 0 8 0 0 0 0 0 7 0 0 0 0 0 0 0 0 0 0 5 0 0 0 0 
0 0 0 0 0 0 0 0 8 0 0 0 0 0 0 0 8 0 6 0 0 0 0 0 0 
0 0 0 0 0 0 0 8 0 0 0 0 7 0 0 7 0 0 0 7 0 0 0 10 0 
0 5 0 0 0 0 7 0 0 0 0 0 0 0 0 0 0 0 0 0 0 0 0 0 0 
0 0 0 0 0 0 0 0 0 0 0 5 0 0 0 0 0 0 0 0 0 0 0 0 0 
0 0 0 0 0 0 0 0 0 0 5 0 0 7 0 0 0 0 0 0 0 0 0 0 0 
0 0 0 0 0 0 0 0 7 0 0 0 0 0 0 0 0 6 0 0 0 0 0 0 7 
0 0 0 0 0 0 0 0 0 0 0 7 0 0 0 0 5 0 0 8 0 0 8 0 0 
0 0 18 0 0 0 0 0 0 0 0 0 0 0 0 0 9 0 0 0 0 0 0 0 0 
0 0 0 0 0 0 0 0 7 0 0 0 0 0 0 0 6 0 0 0 0 0 0 0 0 
0 0 0 0 0 0 0 8 0 0 0 0 0 5 9 6 0 8 0 0 10 0 0 0 0 
0 0 0 0 0 0 0 0 0 0 0 0 6 0 0 0 8 0 0 0 0 0 0 0 0 
0 0 0 0 0 0 0 6 0 0 0 0 0 0 0 0 0 0 0 0 0 0 8 0 0 
0 0 0 0 0 0 0 0 7 0 0 0 0 8 0 0 0 0 0 0 0 8 0 0 0 
0 0 0 0 0 0 5 0 0 0 0 0 0 0 0 0 10 0 0 0 0 0 0 0 0 
0 0 0 0 0 0 0 0 0 0 0 0 0 0 0 0 0 0 0 8 0 0 0 0 0 
0 0 0 8 0 10 0 0 0 0 0 0 0 8 0 0 0 0 8 0 0 0 0 9 0 
9 6 0 0 8 0 0 0 10 0 0 0 0 0 0 0 0 0 0 0 0 0 9 0 7 
0 0 0 6 0 0 0 0 0 0 0 0 7 0 0 0 0 0 0 0 0 0 0 7 0 

							  À Ë Ã Î Ð È Ò Ì   Ï Ð È Ì À  

 Ñ Ï È Ñ Î Ê   Ð ¨ Á Å Ð: 
 [(1, 24, 9), (24, 2, 6), (2, 10, 5), (10, 7, 7), (7, 21, 5), (24, 25, 7), (25, 4, 6), (25, 13, 7), (13, 18, 6), (13, 9, 7), (9, 16, 7), (16, 17, 6), (17, 14, 5), (9, 20, 7), (14, 12, 7), (12, 11, 5), (4, 23, 8), (9, 8, 8), (8, 19, 6), (20, 22, 8), (24, 5, 8), (17, 15, 9), (4, 6, 10), (15, 3, 18)]

 Â Å Ñ   Î Ñ Ò Î Â Í Î Ã Î   Ä Å Ð Å Â À: 177
